// First 9 elements are rotation matrix, then 3 for translation, then 3 for shape
// Test if a point is contained in a module with

/*
def f(point, arr):
    shifted = np.array([0.,0.,0.])
    for i in range(3):
        shifted[0] = point[0]-arr[i+9]
    for i in range(3):
        if abs(arr[3*i]*shifted[0] + arr[3*i+1]*shifted[1] + arr[3*i+2]*shifted[2]) > arr[i+12]: return False
    return True
*/

const unsigned int module_layernums[NMODULES] = { 1,1,1,1,1,1,1,1,1,1,1,1,1,1,1,1,1,1,1,1,1,1,1,1,1,1,1,1,1,1,1,1,1,1,1,1,1,1,1,1,1,1,1,1,1,1,1,1,1,1,1,1,1,1,1,1,1,1,1,1,1,1,1,1,1,1,1,1,1,1,1,1,1,1,1,1,1,1,1,1,1,1,1,1,1,1,1,1,1,1,1,1,1,1,1,1,2,2,2,2,2,2,2,2,2,2,2,2,2,2,2,2,2,2,2,2,2,2,2,2,2,2,2,2,2,2,2,2,2,2,2,2,2,2,2,2,2,2,2,2,2,2,2,2,2,2,2,2,2,2,2,2,2,2,2,2,2,2,2,2,2,2,2,2,2,2,2,2,2,2,2,2,2,2,2,2,2,2,2,2,2,2,2,2,2,2,2,2,2,2,2,2,2,2,2,2,2,2,2,2,2,2,2,2,2,2,2,2,2,2,2,2,2,2,2,2,2,2,2,2,2,2,2,2,2,2,2,2,2,2,2,2,2,2,2,2,2,2,2,2,2,2,2,2,2,2,2,2,2,2,2,2,2,2,2,2,2,2,2,2,2,2,2,2,2,2,2,2,2,2,2,2,2,2,2,2,2,2,2,2,2,2,2,2,2,2,2,2,2,2,2,2,2,2,2,2,2,2,2,2,2,2,2,2,2,2,2,2,2,2,2,2,2,2,2,2,2,2,2,2,3,3,3,3,3,3,3,3,3,3,3,3,3,3,3,3,3,3,3,3,3,3,3,3,3,3,3,3,3,3,3,3,3,3,3,3,3,3,3,3,3,3,3,3,3,3,3,3,3,3,3,3,3,3,3,3,3,3,3,3,3,3,3,3,3,3,3,3,3,3,3,3,3,3,3,3,3,3,3,3,3,3,3,3,3,3,3,3,3,3,3,3,3,3,3,3,3,3,3,3,3,3,3,3,3,3,3,3,3,3,3,3,3,3,3,3,3,3,3,3,3,3,3,3,3,3,3,3,3,3,3,3,3,3,3,3,3,3,3,3,3,3,3,3,3,3,3,3,3,3,3,3,3,3,3,3,3,3,3,3,3,3,3,3,3,3,3,3,3,3,3,3,3,3,3,3,3,3,3,3,3,3,3,3,3,3,3,3,3,3,3,3,3,3,3,3,3,3,3,3,3,3,3,3,3,3,3,3,3,3,3,3,3,3,3,3,3,3,3,3,3,3,3,3,3,3,3,3,3,3,3,3,3,3,3,3,3,3,3,3,3,3,3,3,3,3,3,3,3,3,3,3,3,3,3,3,3,3,3,3,3,3,3,3,3,3,3,3,3,3,3,3,3,3,3,3,3,3,3,3,3,3,3,3,3,3,3,3,3,3,3,3,3,3,3,3,3,3,3,3,3,3,3,3,3,3,3,3,3,3,3,3,3,3,3,3,3,3,3,3,3,3,3,3,3,3,3,3,3,3,3,3,3,3,3,3,3,3,3,3,3,3,3,3,3,3,3,3,3,3,3,3,4,4,4,4,4,4,4,4,4,4,4,4,4,4,4,4,4,4,4,4,4,4,4,4,4,4,4,4,4,4,4,4,4,4,4,4,4,4,4,4,4,4,4,4,4,4,4,4,4,4,4,4,4,4,4,4,4,4,4,4,4,4,4,4,4,4,4,4,4,4,4,4,4,4,4,4,4,4,4,4,4,4,4,4,4,4,4,4,4,4,4,4,4,4,4,4,4,4,4,4,4,4,4,4,4,4,4,4,4,4,4,4,4,4,4,4,4,4,4,4,4,4,4,4,4,4,4,4,4,4,4,4,4,4,4,4,4,4,4,4,4,4,4,4,4,4,4,4,4,4,4,4,4,4,4,4,4,4,4,4,4,4,4,4,4,4,4,4,4,4,4,4,4,4,4,4,4,4,4,4,4,4,4,4,4,4,4,4,4,4,4,4,4,4,4,4,4,4,4,4,4,4,4,4,4,4,4,4,4,4,4,4,4,4,4,4,4,4,4,4,4,4,4,4,4,4,4,4,4,4,4,4,4,4,4,4,4,4,4,4,4,4,4,4,4,4,4,4,4,4,4,4,4,4,4,4,4,4,4,4,4,4,4,4,4,4,4,4,4,4,4,4,4,4,4,4,4,4,4,4,4,4,4,4,4,4,4,4,4,4,4,4,4,4,4,4,4,4,4,4,4,4,4,4,4,4,4,4,4,4,4,4,4,4,4,4,4,4,4,4,4,4,4,4,4,4,4,4,4,4,4,4,4,4,4,4,4,4,4,4,4,4,4,4,4,4,4,4,4,4,4,4,4,4,4,4,4,4,4,4,4,4,4,4,4,4,4,4,4,4,4,4,4,4,4,4,4,4,4,4,4,4,4,4,4,4,4,4,4,4,4,4,4,4,4,4,4,4,4,4,4,4,4,4,4,4,4,4,4,4,4,4,4,4,4,4,4,4,4,4,4,4,4,4,4,4,4,4,4,4,4,4,4,4,4,4,4,4,4,4,4,4,4,4,4,4,4,4,4,4,4,4,4,4,4,4,4,4,4,4,4,4,4,4,4,4,4,4,4,4,4,4,4,4,4,4,4,4,4,4,4,4,4,4,4,4,4,4,4,4,4,4,4,4,4,4,4,4,4,4,4,4,4,4,4,4,4,4,4,4,4,4,5,5,5,5,5,5,5,5,5,5,5,5,5,5,5,5,5,5,5,5,5,5,5,5,5,5,5,5,5,5,5,5,5,5,5,5,5,5,5,5,5,5,5,5,5,5,5,5,5,5,5,5,5,5,5,5,5,5,5,5,5,5,5,5,5,5,5,5,5,5,5,5,5,5,5,5,5,5,5,5,5,5,5,5,5,5,5,5,5,5,5,5,5,5,5,5,5,5,5,5,5,5,5,5,5,5,5,5,5,5,5,5,6,6,6,6,6,6,6,6,6,6,6,6,6,6,6,6,6,6,6,6,6,6,6,6,6,6,6,6,6,6,6,6,6,6,6,6,6,6,6,6,6,6,6,6,6,6,6,6,6,6,6,6,6,6,6,6,6,6,6,6,6,6,6,6,6,6,6,6,6,6,6,6,6,6,6,6,6,6,6,6,6,6,6,6,6,6,6,6,6,6,6,6,6,6,6,6,6,6,6,6,6,6,6,6,6,6,6,6,6,6,6,6,7,7,7,7,7,7,7,7,7,7,7,7,7,7,7,7,7,7,7,7,7,7,7,7,7,7,7,7,7,7,7,7,7,7,7,7,7,7,7,7,7,7,7,7,7,7,7,7,7,7,7,7,7,7,7,7,7,7,7,7,7,7,7,7,7,7,7,7,7,7,7,7,7,7,7,7,7,7,7,7,7,7,7,7,7,7,7,7,7,7,7,7,7,7,7,7,7,7,7,7,7,7,7,7,7,7,7,7,7,7,7,7,5,5,5,5,5,5,5,5,5,5,5,5,5,5,5,5,5,5,5,5,5,5,5,5,5,5,5,5,5,5,5,5,5,5,5,5,5,5,5,5,5,5,5,5,5,5,5,5,5,5,5,5,5,5,5,5,5,5,5,5,5,5,5,5,5,5,5,5,5,5,5,5,5,5,5,5,5,5,5,5,5,5,5,5,5,5,5,5,5,5,5,5,5,5,5,5,5,5,5,5,5,5,5,5,5,5,5,5,5,5,5,5,6,6,6,6,6,6,6,6,6,6,6,6,6,6,6,6,6,6,6,6,6,6,6,6,6,6,6,6,6,6,6,6,6,6,6,6,6,6,6,6,6,6,6,6,6,6,6,6,6,6,6,6,6,6,6,6,6,6,6,6,6,6,6,6,6,6,6,6,6,6,6,6,6,6,6,6,6,6,6,6,6,6,6,6,6,6,6,6,6,6,6,6,6,6,6,6,6,6,6,6,6,6,6,6,6,6,6,6,6,6,6,6,7,7,7,7,7,7,7,7,7,7,7,7,7,7,7,7,7,7,7,7,7,7,7,7,7,7,7,7,7,7,7,7,7,7,7,7,7,7,7,7,7,7,7,7,7,7,7,7,7,7,7,7,7,7,7,7,7,7,7,7,7,7,7,7,7,7,7,7,7,7,7,7,7,7,7,7,7,7,7,7,7,7,7,7,7,7,7,7,7,7,7,7,7,7,7,7,7,7,7,7,7,7,7,7,7,7,7,7,7,7,7,7 };
float module_volumes[NMODULES][15] = {
  { 0.2724982 ,-0.9621511,0.0031651 ,0.0019482 ,-0.0027378,-0.9999943,0.9621543 ,0.2725028 ,0.0011284 ,3.0842993  ,0.7562443  ,-23.7544079,0.8350000,3.2650001,0.200000 },
  { 0.2730195 ,-0.9619977,-0.0045628,0.0003310 ,0.0048369 ,-0.9999883,0.9620085 ,0.2730148 ,0.0016390 ,3.0777130  ,0.7504165  ,-17.0473633,0.8350000,3.2650001,0.200000 },
  { 0.2736729 ,-0.9618221,0.0011716 ,0.0014820 ,-0.0007964,-0.9999986,0.9618217 ,0.2736743 ,0.0012074 ,3.0689282  ,0.7462751  ,-10.3607035,0.8350000,3.2650001,0.200000 },
  { 0.2748694 ,-0.9614812,-0.0008325,0.0005472 ,0.0010223 ,-0.9999993,0.9614814 ,0.2748688 ,0.0008071 ,3.0609214  ,0.7469919  ,-3.6563923 ,0.8350000,3.2650001,0.200000 },
  { 0.2756473 ,-0.9612563,-0.0022336,0.0003480 ,0.0024234 ,-0.9999970,0.9612588 ,0.2756457 ,0.0010025 ,3.0563011  ,0.7466741  ,3.0474706  ,0.8350000,3.2650001,0.200000 },
  { 0.2745147 ,-0.9615826,-0.0007682,0.0007019 ,0.0009993 ,-0.9999992,0.9615827 ,0.2745140 ,0.0009492 ,3.0498097  ,0.7459257  ,9.7482882  ,0.8350000,3.2650001,0.200000 },
  { 0.2741712 ,-0.9616800,-0.0013188,0.0000743 ,0.0013925 ,-0.9999990,0.9616809 ,0.2741708 ,0.0004533 ,3.0472083  ,0.7404811  ,16.4473228 ,0.8350000,3.2650001,0.200000 },
  { 0.2724508 ,-0.9621687,-0.0013908,-0.0002312,0.0013800 ,-0.9999990,0.9621697 ,0.2724508 ,0.0001535 ,3.0466256  ,0.7367527  ,23.1530876 ,0.8350000,3.2650001,0.200000 },
  { -0.7161123,0.6979768 ,-0.0033857,0.0029986 ,-0.0017743,-0.9999939,-0.6979786,-0.7161181,-0.0008224,2.0364075  ,1.8777305  ,-23.7557087,0.8350000,3.2650001,0.200000 },
  { -0.7161752,0.6979206 ,-0.0001239,0.0008451 ,0.0006897 ,-0.9999994,-0.6979201,-0.7161748,-0.0010838,2.0473502  ,1.8585238  ,-17.0337524,0.8350000,3.2650001,0.200000 },
  { -0.7161092,0.6979810 ,0.0031851 ,-0.0016519,0.0028685 ,-0.9999945,-0.6979863,-0.7161105,-0.0009011,2.0300386  ,1.8664585  ,-10.3462267,0.8350000,3.2650001,0.200000 },
  { -0.7160287,0.6980677 ,0.0020941 ,-0.0008900,0.0020870 ,-0.9999974,-0.6980703,-0.7160287,-0.0008731,2.0222704  ,1.8669792  ,-3.6391804 ,0.8350000,3.2650001,0.200000 },
  { -0.7157131,0.6983822 ,-0.0041318,0.0036553 ,-0.0021702,-0.9999909,-0.6983848,-0.7157218,-0.0009996,2.0199747  ,1.8593993  ,3.0608985  ,0.8350000,3.2650001,0.200000 },
  { -0.7162902,0.6977978 ,-0.0025515,0.0026578 ,-0.0009283,-0.9999961,-0.6977974,-0.7162942,-0.0011897,2.0067568  ,1.8622456  ,9.7552099  ,0.8350000,3.2650001,0.200000 },
  { -0.7167026,0.6973789 ,0.0003555 ,0.0005703 ,0.0010959 ,-0.9999992,-0.6973788,-0.7167018,-0.0011831,1.9921919  ,1.8638538  ,16.4568768 ,0.8350000,3.2650001,0.200000 },
  { -0.7183754,0.6956446 ,0.0039051 ,-0.0019408,0.0036094 ,-0.9999916,-0.6956528,-0.7183770,-0.0012428,1.9916412  ,1.8535128  ,23.1593323 ,0.8350000,3.2650001,0.200000 },
  { 0.9703360 ,-0.2417576,-0.0011251,-0.0008917,0.0010748 ,-0.9999990,0.2417586 ,0.9703361 ,0.0008274 ,0.9433344  ,3.1064160  ,-23.7704678,0.8350000,3.2650001,0.200000 },
  { 0.9710487 ,-0.2388815,-0.0002344,0.0000284 ,0.0010963 ,-0.9999994,0.2388816 ,0.9710481 ,0.0010714 ,0.9394951  ,3.1006835  ,-17.0659695,0.8350000,3.2650001,0.200000 },
  { 0.9714904 ,-0.2370787,-0.0004012,-0.0001699,0.0009962 ,-0.9999995,0.2370790 ,0.9714899 ,0.0009275 ,0.9278948  ,3.0981410  ,-10.3668451,0.8350000,3.2650001,0.200000 },
  { 0.9722106 ,-0.2340730,0.0040329 ,0.0042001 ,0.0002159 ,-0.9999912,0.2340700 ,0.9722190 ,0.0011931 ,0.9179786  ,3.0922000  ,-3.6725965 ,0.8350000,3.2650001,0.200000 },
  { 0.9722629 ,-0.2338905,-0.0000434,0.0000958 ,0.0005837 ,-0.9999998,0.2338905 ,0.9722627 ,0.0005899 ,0.9150120  ,3.0875340  ,3.0313935  ,0.8350000,3.2650001,0.200000 },
  { 0.9723033 ,-0.2337187,0.0013336 ,0.0013739 ,0.0000097 ,-0.9999990,0.2337185 ,0.9723043 ,0.0003305 ,0.9139346  ,3.0839112  ,9.7270708  ,0.8350000,3.2650001,0.200000 },
  { 0.9720562 ,-0.2347217,0.0035402 ,0.0034865 ,-0.0006436,-0.9999937,0.2347225 ,0.9720624 ,0.0001927 ,0.9011946  ,3.0846639  ,16.4346218 ,0.8350000,3.2650001,0.200000 },
  { 0.9717364 ,-0.2359259,-0.0082018,-0.0078911,0.0022611 ,-0.9999663,0.2359365 ,0.9717684 ,0.0003355 ,0.9053878  ,3.0818961  ,23.1268997 ,0.8350000,3.2650001,0.200000 },
  { -0.9618274,-0.2736520,0.0016217 ,-0.0013296,-0.0012529,-0.9999983,0.2736536 ,-0.9618279,0.0008413 ,-0.6124915 ,2.4992712  ,-23.8038883,0.8350000,3.2650001,0.200000 },
  { -0.9609634,-0.2766662,0.0022659 ,-0.0018605,-0.0017279,-0.9999968,0.2766692 ,-0.9609645,0.0011457 ,-0.6327983 ,2.5014923  ,-17.0880852,0.8350000,3.2650001,0.200000 },
  { -0.9602916,-0.2789864,0.0025539 ,-0.0020281,-0.0021733,-0.9999956,0.2789907 ,-0.9602926,0.0015212 ,-0.6301770 ,2.5081902  ,-10.3777924,0.8350000,3.2650001,0.200000 },
  { -0.9596151,-0.2813134,0.0012950 ,-0.0012825,-0.0002287,-0.9999992,0.2813134 ,-0.9596159,-0.0001414,-0.6120178 ,2.5190728  ,-3.6916444 ,0.8350000,3.2650001,0.200000 },
  { -0.9597277,-0.2809088,-0.0036061,0.0038733 ,-0.0003961,-0.9999924,0.2809052 ,-0.9597344,0.0014682 ,-0.6566648 ,2.5138502  ,3.0062973  ,0.8350000,3.2650001,0.200000 },
  { -0.9597872,-0.2807126,0.0029953 ,-0.0028942,-0.0007745,-0.9999955,0.2807137 ,-0.9597915,-0.0000691,-0.6538047 ,2.5194376  ,9.7192030  ,0.8350000,3.2650001,0.200000 },
  { -0.9601925,-0.2793240,0.0029099 ,-0.0028248,-0.0007073,-0.9999958,0.2793249 ,-0.9601967,-0.0001099,-0.6620577 ,2.5167985  ,16.4154663 ,0.8350000,3.2650001,0.200000 },
  { -0.9608234,-0.2771350,-0.0038266,0.0036108 ,0.0012890 ,-0.9999927,0.2771379 ,-0.9608301,-0.0002378,-0.6488799 ,2.5211649  ,23.1262207 ,0.8350000,3.2650001,0.200000 },
  { 0.6984703 ,0.7156268 ,0.0041744 ,0.0037091 ,0.0022130 ,-0.9999907,-0.7156294,0.6984793 ,-0.0011086,-2.0704906 ,2.0096569  ,-23.7867985,0.8350000,3.2650001,0.200000 },
  { 0.6966773 ,0.7173846 ,-0.0002761,0.0008366 ,-0.0011973,-0.9999989,-0.7173842,0.6966763 ,-0.0014343,-2.0794091 ,2.0134740  ,-17.0869560,0.8350000,3.2650001,0.200000 },
  { 0.6953800 ,0.7186422 ,0.0003714 ,0.0008620 ,-0.0003174,-0.9999996,-0.7186418,0.6953800 ,-0.0008402,-2.0837202 ,2.0204072  ,-10.3816442,0.8350000,3.2650001,0.200000 },
  { 0.6948827 ,0.7191226 ,-0.0008851,-0.0001731,-0.0010636,-0.9999994,-0.7191231,0.6948825 ,-0.0006146,-2.0846987 ,2.0249650  ,-3.6811247 ,0.8350000,3.2650001,0.200000 },
  { 0.6946536 ,0.7193441 ,-0.0007314,0.0000369 ,-0.0010525,-0.9999995,-0.7193444,0.6946532 ,-0.0007577,-2.0930097 ,2.0237613  ,3.0209496  ,0.8350000,3.2650001,0.200000 },
  { 0.6938106 ,0.7201570 ,-0.0008230,0.0005819 ,-0.0017034,-0.9999984,-0.7201573,0.6938090 ,-0.0016009,-2.0918999 ,2.0325019  ,9.7188158  ,0.8350000,3.2650001,0.200000 },
  { 0.6947124 ,0.7192828 ,-0.0026308,-0.0010957,-0.0025992,-0.9999960,-0.7192868,0.6947125 ,-0.0010176,-2.1073499 ,2.0272212  ,16.4299278 ,0.8350000,3.2650001,0.200000 },
  { 0.6945850 ,0.7194104 ,-0.0007029,-0.0004754,-0.0005180,-0.9999998,-0.7194105,0.6945851 ,-0.0000178,-2.1131546 ,2.0244548  ,23.1177788 ,0.8350000,3.2650001,0.200000 },
  { -0.2459306,-0.9692875,0.0000014 ,0.0005725 ,-0.0001467,-0.9999998,0.9692873 ,-0.2459305,0.0005910 ,-2.5152667 ,0.5591557  ,-23.7853260,0.8350000,3.2650001,0.200000 },
  { -0.2429954,-0.9700168,0.0045471 ,-0.0002004,-0.0046374,-0.9999892,0.9700274 ,-0.2429937,0.0009325 ,-2.5187852 ,0.5604721  ,-17.0754337,0.8350000,3.2650001,0.200000 },
  { -0.2435115,-0.9698977,-0.0007427,0.0012258 ,0.0004580 ,-0.9999992,0.9698972 ,-0.2435122,0.0010773 ,-2.5263293 ,0.5571296  ,-10.3795433,0.8350000,3.2650001,0.200000 },
  { -0.2433528,-0.9699371,-0.0011455,0.0012361 ,0.0008709 ,-0.9999989,0.9699370 ,-0.2433539,0.0009870 ,-2.5371709 ,0.5368109  ,-3.6874733 ,0.8350000,3.2650001,0.200000 },
  { -0.2426657,-0.9701085,0.0017004 ,0.0002371 ,-0.0018121,-0.9999983,0.9701099 ,-0.2426649,0.0006697 ,-2.5402708 ,0.5487597  ,3.0169325  ,0.8350000,3.2650001,0.200000 },
  { -0.2426093,-0.9701153,0.0041267 ,-0.0006267,-0.0040971,-0.9999914,0.9701239 ,-0.2426098,0.0003860 ,-2.5418787 ,0.5586354  ,9.7221766  ,0.8350000,3.2650001,0.200000 },
  { -0.2425293,-0.9701418,-0.0020902,0.0013930 ,0.0018063 ,-0.9999974,0.9701431 ,-0.2425316,0.0009133 ,-2.5483017 ,0.5542870  ,16.4239388 ,0.8350000,3.2650001,0.200000 },
  { -0.2429256,-0.9700444,0.0010164 ,0.0011490 ,-0.0013355,-0.9999985,0.9700443 ,-0.2429240,0.0014390 ,-2.5559490 ,0.5553999  ,23.1371078 ,0.8350000,3.2650001,0.200000 },
  { -0.2730023,0.9620007 ,0.0049484 ,-0.0005057,0.0050003 ,-0.9999874,-0.9620132,-0.2730013,-0.0008786,-2.8171628 ,-0.9780572 ,-23.7763538,0.8350000,3.2650001,0.200000 },
  { -0.2717012,0.9623817 ,-0.0000740,0.0006279 ,0.0001004 ,-0.9999998,-0.9623814,-0.2717012,-0.0006316,-2.8255985 ,-0.9665413 ,-17.0781384,0.8350000,3.2650001,0.200000 },
  { -0.2711971,0.9625227 ,-0.0014845,0.0016868 ,-0.0010670,-0.9999980,-0.9625223,-0.2711991,-0.0013342,-2.8293340 ,-0.9623107 ,-10.3857250,0.8350000,3.2650001,0.200000 },
  { -0.2729535,0.9620268 ,-0.0009577,0.0007334 ,-0.0007874,-0.9999994,-0.9620270,-0.2729540,-0.0004906,-2.8342798 ,-0.9617442 ,-3.6816838 ,0.8350000,3.2650001,0.200000 },
  { -0.2732339,0.9619475 ,0.0004662 ,0.0005858 ,0.0006510 ,-0.9999996,-0.9619474,-0.2732335,-0.0007414,-2.8359404 ,-0.9649643 ,3.0161376  ,0.8350000,3.2650001,0.200000 },
  { -0.2741537,0.9616845 ,-0.0016250,0.0012143 ,-0.0013435,-0.9999983,-0.9616851,-0.2741553,-0.0007994,-2.8399899 ,-0.9715492 ,9.7134886  ,0.8350000,3.2650001,0.200000 },
  { -0.2737783,0.9617907 ,0.0020087 ,0.0000522 ,0.0021033 ,-0.9999978,-0.9617928,-0.2737776,-0.0006260,-2.8448625 ,-0.9696801 ,16.4128132 ,0.8350000,3.2650001,0.200000 },
  { -0.2757508,0.9612135 ,-0.0054863,0.0016302 ,-0.0052400,-0.9999849,-0.9612278,-0.2757556,-0.0001221,-2.8530557 ,-0.9640033 ,23.1277542 ,0.8350000,3.2650001,0.200000 },
  { 0.7147021 ,-0.6993786,-0.0083908,-0.0059761,0.0058901 ,-0.9999648,0.6994034 ,0.7147271 ,0.0000301 ,-1.7845968 ,-2.0846515 ,-23.7832737,0.8350000,3.2650001,0.200000 },
  { 0.7159449 ,-0.6981567,0.0003930 ,0.0002650 ,-0.0002913,-0.9999999,0.6981568 ,0.7159449 ,-0.0000236,-1.7699693 ,-2.0981359 ,-17.0712566,0.8350000,3.2650001,0.200000 },
  { 0.7151759 ,-0.6989294,-0.0045931,-0.0030922,0.0034076 ,-0.9999894,0.6989377 ,0.7151825 ,0.0002758 ,-1.7842612 ,-2.0854337 ,-10.3673038,0.8350000,3.2650001,0.200000 },
  { 0.7156993 ,-0.6984052,0.0021622 ,0.0015939 ,-0.0014625,-0.9999977,0.6984068 ,0.7157011 ,0.0000665 ,-1.7872664 ,-2.0876455 ,-3.6775787 ,0.8350000,3.2650001,0.200000 },
  { 0.7159113 ,-0.6981886,-0.0018983,-0.0012319,0.0014557 ,-0.9999982,0.6981901 ,0.7159124 ,0.0001820 ,-1.7851607 ,-2.0921953 ,3.0282090  ,0.8350000,3.2650001,0.200000 },
  { 0.7156735 ,-0.6984292,0.0028447 ,0.0019921 ,-0.0020316,-0.9999959,0.6984321 ,0.7156762 ,-0.0000626,-1.7876440 ,-2.0892055 ,9.7347660  ,0.8350000,3.2650001,0.200000 },
  { 0.7171224 ,-0.6969239,0.0056949 ,0.0037562 ,-0.0043064,-0.9999837,0.6969371 ,0.7171322 ,-0.0004704,-1.8045506 ,-2.0732884 ,16.4313812 ,0.8350000,3.2650001,0.200000 },
  { 0.7175542 ,-0.6964944,0.0033890 ,0.0028653 ,-0.0019138,-0.9999940,0.6964968 ,0.7175597 ,0.0006224 ,-1.7979280 ,-2.0794508 ,23.1380482 ,0.8350000,3.2650001,0.200000 },
  { -0.9694514,0.2452534 ,-0.0038288,0.0039202 ,-0.0001156,-0.9999923,-0.2452519,-0.9694590,-0.0008494,-0.6787540 ,-3.3209779 ,-23.7892342,0.8350000,3.2650001,0.200000 },
  { -0.9702826,0.2419367 ,-0.0042906,0.0040009 ,-0.0016887,-0.9999906,-0.2419417,-0.9702905,0.0006706 ,-0.6900166 ,-3.3183198 ,-17.0887699,0.8350000,3.2650001,0.200000 },
  { -0.9707089,0.2402315 ,-0.0036111,0.0033640 ,-0.0014388,-0.9999933,-0.2402351,-0.9707146,0.0005886 ,-0.6799409 ,-3.3165832 ,-10.3883486,0.8350000,3.2650001,0.200000 },
  { -0.9710970,0.2386204 ,-0.0055635,0.0053084 ,-0.0017118,-0.9999844,-0.2386263,-0.9711114,0.0003956 ,-0.6987909 ,-3.3094745 ,-3.6946654 ,0.8350000,3.2650001,0.200000 },
  { -0.9708062,0.2398649 ,-0.0001523,0.0002380 ,0.0003285 ,-0.9999999,-0.2398649,-0.9708062,-0.0003760,-0.7006224 ,-3.3066144 ,3.0087039  ,0.8350000,3.2650001,0.200000 },
  { -0.9698294,0.2437823 ,-0.0010119,0.0011394 ,0.0003818 ,-0.9999993,-0.2437817,-0.9698299,-0.0006480,-0.6965620 ,-3.3116994 ,9.7106304  ,0.8350000,3.2650001,0.200000 },
  { -0.9688224,0.2477446 ,-0.0023932,0.0021619 ,-0.0012056,-0.9999970,-0.2477467,-0.9688246,0.0006324 ,-0.7136529 ,-3.3089869 ,16.4127064 ,0.8350000,3.2650001,0.200000 },
  { -0.9693707,0.2455835 ,0.0030286 ,-0.0032240,-0.0003936,-0.9999948,-0.2455810,-0.9693754,0.0011733 ,-0.7151122 ,-3.3033447 ,23.1027908 ,0.8350000,3.2650001,0.200000 },
  { 0.9619658 ,0.2731688 ,-0.0007441,-0.0005059,-0.0009425,-0.9999994,-0.2731693,0.9619657 ,-0.0007685,0.8596870  ,-2.7143958 ,-23.7660294,0.8350000,3.2650001,0.200000 },
  { 0.9613757 ,0.2752385 ,0.0007769 ,0.0004148 ,0.0013741 ,-0.9999990,-0.2752393,0.9613750 ,0.0012068 ,0.8749555  ,-2.7162027 ,-17.0731201,0.8350000,3.2650001,0.200000 },
  { 0.9610454 ,0.2763818 ,0.0022047 ,0.0019286 ,0.0012707 ,-0.9999973,-0.2763839,0.9610471 ,0.0006881 ,0.8741101  ,-2.7221839 ,-10.3644419,0.8350000,3.2650001,0.200000 },
  { 0.9611527 ,0.2760137 ,0.0013520 ,0.0011500 ,0.0008939 ,-0.9999989,-0.2760146,0.9611533 ,0.0005417 ,0.8621205  ,-2.7322223 ,-3.6667221 ,0.8350000,3.2650001,0.200000 },
  { 0.9610220 ,0.2764637 ,0.0021104 ,0.0018379 ,0.0012449 ,-0.9999976,-0.2764657,0.9610236 ,0.0006882 ,0.8477849  ,-2.7399395 ,3.0373702  ,0.8350000,3.2650001,0.200000 },
  { 0.9611479 ,0.2760309 ,0.0012750 ,0.0011777 ,0.0005181 ,-0.9999992,-0.2760314,0.9611486 ,0.0001729 ,0.8425849  ,-2.7430224 ,9.7372122  ,0.8350000,3.2650001,0.200000 },
  { 0.9614818 ,0.2748473 ,0.0034258 ,0.0032860 ,0.0009690 ,-0.9999942,-0.2748490,0.9614874 ,0.0000285 ,0.8455126  ,-2.7419610 ,16.4777088 ,0.8350000,3.2650001,0.200000 },
  { 0.9617573 ,0.2739031 ,-0.0000592,-0.0001070,0.0001595 ,-1.0000000,-0.2739031,0.9617573 ,0.0001827 ,0.8228799  ,-2.7468555 ,23.1370811 ,0.8350000,3.2650001,0.200000 },
  { -0.6996089,-0.7145247,-0.0013299,0.0011510 ,0.0007343 ,-0.9999990,0.7145250 ,-0.6996098,0.0003087 ,2.3223531  ,-2.2256706 ,-23.7548695,0.8350000,3.2650001,0.200000 },
  { -0.6981310,-0.7159663,0.0022936 ,-0.0017255,-0.0015210,-0.9999974,0.7159680 ,-0.6981331,-0.0001736,2.3321657  ,-2.2195532 ,-17.0617924,0.8350000,3.2650001,0.200000 },
  { -0.6971356,-0.7169379,-0.0014071,0.0009017 ,0.0010858 ,-0.9999990,0.7169387 ,-0.6971362,-0.0001105,2.3385015  ,-2.2153080 ,-10.3551130,0.8350000,3.2650001,0.200000 },
  { -0.6978016,-0.7162909,-0.0004364,0.0005517 ,0.0000718 ,-0.9999998,0.7162908 ,-0.6978018,0.0003450 ,2.3153415  ,-2.2395144 ,-3.6604228 ,0.8350000,3.2650001,0.200000 },
  { -0.6981045,-0.7159935,-0.0018677,0.0013556 ,0.0012868 ,-0.9999983,0.7159946 ,-0.6981058,0.0000723 ,2.3143218  ,-2.2399185 ,3.0407722  ,0.8350000,3.2650001,0.200000 },
  { -0.6971277,-0.7169360,0.0039705 ,-0.0023288,-0.0032735,-0.9999920,0.7169432 ,-0.6971313,0.0006124 ,2.3120956  ,-2.2379746 ,9.7402430  ,0.8350000,3.2650001,0.200000 },
  { -0.6972538,-0.7168243,-0.0003184,-0.0000166,0.0004603 ,-0.9999999,0.7168244 ,-0.6972537,-0.0003328,2.3031538  ,-2.2459321 ,16.4418678 ,0.8350000,3.2650001,0.200000 },
  { -0.6992775,-0.7148495,-0.0010318,0.0005192 ,0.0009355 ,-0.9999994,0.7148501 ,-0.6992776,-0.0002831,2.2981932  ,-2.2514410 ,23.1365643 ,0.8350000,3.2650001,0.200000 },
  { 0.2467480 ,0.9690717 ,0.0039236 ,0.0014079 ,0.0036903 ,-0.9999922,-0.9690787,0.2467516 ,-0.0004538,2.7804780  ,-0.7507812 ,-23.7706909,0.8350000,3.2650001,0.200000 },
  { 0.2452593 ,0.9694518 ,0.0033274 ,0.0008283 ,0.0032227 ,-0.9999945,-0.9694571,0.2452607 ,-0.0000126,2.7753122  ,-0.7629884 ,-17.0678177,0.8350000,3.2650001,0.200000 },
  { 0.2455109 ,0.9693909 ,0.0024042 ,0.0010930 ,0.0022033 ,-0.9999970,-0.9693932,0.2455128 ,-0.0005186,2.7685430  ,-0.7751821 ,-10.3597622,0.8350000,3.2650001,0.200000 },
  { 0.2448164 ,0.9695694 ,-0.0001430,0.0001331 ,-0.0001811,-1.0000000,-0.9695694,0.2448164 ,-0.0001734,2.7674286  ,-0.7724324 ,-3.6618590 ,0.8350000,3.2650001,0.200000 },
  { 0.2455215 ,0.9693907 ,0.0009246 ,0.0010597 ,0.0006854 ,-0.9999992,-0.9693906,0.2455223 ,-0.0008590,2.7613678  ,-0.7806190 ,3.0389225  ,0.8350000,3.2650001,0.200000 },
  { 0.2447705 ,0.9695805 ,-0.0010763,0.0004804 ,-0.0012313,-0.9999991,-0.9695809,0.2447698 ,-0.0007672,2.7582517  ,-0.7714713 ,9.7413788  ,0.8350000,3.2650001,0.200000 },
  { 0.2457223 ,0.9693372 ,0.0024194 ,0.0017141 ,0.0020613 ,-0.9999964,-0.9693388,0.2457256 ,-0.0011551,2.7531390  ,-0.7794966 ,16.4475594 ,0.8350000,3.2650001,0.200000 },
  { 0.2455575 ,0.9693818 ,0.0006724 ,0.0006110 ,0.0005388 ,-0.9999996,-0.9693818,0.2455578 ,-0.0004599,2.7443221  ,-0.7919660 ,23.1680775 ,0.8350000,3.2650001,0.200000 },
  { 0.1298182 ,-0.9915351,-0.0023348,0.0000277 ,0.0023584 ,-0.9999972,0.9915378 ,0.1298178 ,0.0003337 ,7.0417552  ,0.7872550  ,-23.7419796,0.8350000,3.2650001,0.200000 },
  { 0.1295368 ,-0.9915718,0.0023472 ,0.0016488 ,-0.0021518,-0.9999963,0.9915733 ,0.1295401 ,0.0013562 ,7.0324531  ,0.7969894  ,-17.0480537,0.8350000,3.2650001,0.200000 },
  { 0.1306110 ,-0.9914309,0.0023729 ,0.0014769 ,-0.0021988,-0.9999965,0.9914326 ,0.1306140 ,0.0011770 ,7.0271173  ,0.7822820  ,-10.3434029,0.8350000,3.2650001,0.200000 },
  { 0.1265758 ,-0.9919569,0.0002210 ,0.0005198 ,-0.0001564,-0.9999999,0.9919568 ,0.1265759 ,0.0004958 ,7.0159831  ,0.7877666  ,-3.6499178 ,0.8350000,3.2650001,0.200000 },
  { 0.1285619 ,-0.9916964,-0.0031824,0.0002917 ,0.0032468 ,-0.9999947,0.9917014 ,0.1285603 ,0.0007067 ,7.0138588  ,0.8007272  ,3.0497637  ,0.8350000,3.2650001,0.200000 },
  { 0.1282861 ,-0.9917369,0.0007945 ,0.0005550 ,-0.0007293,-0.9999996,0.9917371 ,0.1282865 ,0.0004569 ,7.0108252  ,0.7901088  ,9.7507448  ,0.8350000,3.2650001,0.200000 },
  { 0.1294240 ,-0.9915884,-0.0013414,0.0003513 ,0.0013986 ,-0.9999990,0.9915893 ,0.1294234 ,0.0005294 ,7.0096974  ,0.7919340  ,16.4583130 ,0.8350000,3.2650001,0.200000 },
  { 0.1287490 ,-0.9916705,-0.0036573,0.0008363 ,0.0037965 ,-0.9999924,0.9916769 ,0.1287450 ,0.0013181 ,7.0063281  ,0.7802314  ,23.1581726 ,0.8350000,3.2650001,0.200000 },
  { -0.3424615,0.9395279 ,-0.0027116,0.0012956 ,-0.0024138,-0.9999962,-0.9395310,-0.3424637,-0.0003906,6.3155723  ,2.1792867  ,-23.7531586,0.8350000,3.2650001,0.200000 },
  { -0.3422488,0.9396088 ,-0.0010505,0.0010558 ,-0.0007334,-0.9999992,-0.9396088,-0.3422496,-0.0007410,6.3136029  ,2.1784971  ,-17.0404549,0.8350000,3.2650001,0.200000 },
  { -0.3438950,0.9390055 ,-0.0022200,0.0017833 ,-0.0017111,-0.9999970,-0.9390064,-0.3438979,-0.0010861,6.3064985  ,2.1770649  ,-10.3515940,0.8350000,3.2650001,0.200000 },
  { -0.3440168,0.9389622 ,-0.0015323,0.0008857 ,-0.0013074,-0.9999987,-0.9389631,-0.3440177,-0.0003819,6.2972102  ,2.1874595  ,-3.6484447 ,0.8350000,3.2650001,0.200000 },
  { -0.3436678,0.9390897 ,-0.0017285,0.0016837 ,-0.0012245,-0.9999979,-0.9390898,-0.3436700,-0.0011604,6.2941675  ,2.1846077  ,3.0495901  ,0.8350000,3.2650001,0.200000 },
  { -0.3443333,0.9388415 ,-0.0033374,0.0022590 ,-0.0027263,-0.9999937,-0.9388447,-0.3443387,-0.0011821,6.2891350  ,2.1738756  ,9.7534895  ,0.8350000,3.2650001,0.200000 },
  { -0.3450185,0.9385908 ,-0.0030767,0.0016864 ,-0.0026581,-0.9999951,-0.9385943,-0.3450220,-0.0006657,6.2827373  ,2.1770842  ,16.4490852 ,0.8350000,3.2650001,0.200000 },
  { -0.3465391,0.9380311 ,0.0028933 ,0.0000355 ,0.0030976 ,-0.9999952,-0.9380355,-0.3465373,-0.0011067,6.2761517  ,2.1745739  ,23.1539421 ,0.8350000,3.2650001,0.200000 },
  { 0.5457224 ,-0.8379599,0.0031947 ,0.0023707 ,-0.0022685,-0.9999946,0.8379627 ,0.5457271 ,0.0007485 ,5.9803309  ,3.6915822  ,-23.7583733,0.8350000,3.2650001,0.200000 },
  { 0.5587935 ,-0.8293065,0.0007079 ,0.0010171 ,-0.0001683,-0.9999995,0.8293062 ,0.5587940 ,0.0007495 ,5.9660101  ,3.6834824  ,-17.0566597,0.8350000,3.2650001,0.200000 },
  { 0.5587935 ,-0.8293065,0.0007079 ,0.0010171 ,-0.0001683,-0.9999995,0.8293062 ,0.5587940 ,0.0007495 ,5.9591951  ,3.6846094  ,-10.3566618,0.8350000,3.2650001,0.200000 },
  { 0.5489990 ,-0.8358217,-0.0015151,-0.0000887,0.0017545 ,-0.9999985,0.8358231 ,0.5489982 ,0.0008891 ,5.9520569  ,3.6907759  ,-3.6551499 ,0.8350000,3.2650001,0.200000 },
  { 0.5491986 ,-0.8356916,0.0006309 ,0.0010094 ,-0.0000915,-0.9999995,0.8356912 ,0.5491990 ,0.0007933 ,5.9401927  ,3.7006242  ,3.0455670  ,0.8350000,3.2650001,0.200000 },
  { 0.5493882 ,-0.8355556,-0.0043974,-0.0020401,0.0039214 ,-0.9999902,0.8355647 ,0.5493919 ,0.0004497 ,5.9390421  ,3.6921160  ,9.7418737  ,0.8350000,3.2650001,0.200000 },
  { 0.5489213 ,-0.8358707,-0.0023538,-0.0009054,0.0022214 ,-0.9999971,0.8358735 ,0.5489218 ,0.0004626 ,5.9366865  ,3.6896238  ,16.4423409 ,0.8350000,3.2650001,0.200000 },
  { 0.5488591 ,-0.8359047,-0.0041232,-0.0014091,0.0040073 ,-0.9999910,0.8359137 ,0.5488600 ,0.0010216 ,5.9318600  ,3.6915462  ,23.1485958 ,0.8350000,3.2650001,0.200000 },
  { -0.7161708,0.6979219 ,0.0020602 ,-0.0011239,0.0017987 ,-0.9999977,-0.6979241,-0.7161716,-0.0005038,4.7249017  ,4.6335583  ,-23.7549362,0.8350000,3.2650001,0.200000 },
  { -0.7168466,0.6972308 ,-0.0000963,0.0006682 ,0.0005489 ,-0.9999996,-0.6972305,-0.7168465,-0.0008593,4.7182360  ,4.6358142  ,-17.0514832,0.8350000,3.2650001,0.200000 },
  { -0.7180272,0.6960136 ,-0.0014205,0.0018788 ,-0.0001028,-0.9999982,-0.6960124,-0.7180287,-0.0012338,4.7075391  ,4.6344543  ,-10.3502884,0.8350000,3.2650001,0.200000 },
  { -0.7181624,0.6958753 ,-0.0005518,0.0012354 ,0.0004821 ,-0.9999991,-0.6958744,-0.7181625,-0.0012059,4.7058945  ,4.6233478  ,-3.6575241 ,0.8350000,3.2650001,0.200000 },
  { -0.7188540,0.6951603 ,-0.0010045,0.0013203 ,-0.0000798,-0.9999991,-0.6951599,-0.7188547,-0.0008604,4.7065344  ,4.6157684  ,3.0493715  ,0.8350000,3.2650001,0.200000 },
  { -0.7198972,0.6940598 ,0.0053930 ,-0.0032372,0.0044124 ,-0.9999850,-0.6940732,-0.7199038,-0.0009297,4.6898909  ,4.6227903  ,9.7558355  ,0.8350000,3.2650001,0.200000 },
  { -0.7195934,0.6943957 ,-0.0000138,0.0006353 ,0.0006384 ,-0.9999996,-0.6943954,-0.7195931,-0.0009005,4.6878934  ,4.6182666  ,16.4560356 ,0.8350000,3.2650001,0.200000 },
  { -0.7194787,0.6944920 ,-0.0055798,0.0052476 ,-0.0025978,-0.9999828,-0.6944947,-0.7194957,-0.0017754,4.6805205  ,4.6196795  ,23.1589661 ,0.8350000,3.2650001,0.200000 },
  { 0.8556156 ,-0.5176117,-0.0000331,0.0005428 ,0.0009612 ,-0.9999994,0.5176114 ,0.8556151 ,0.0011033 ,3.7546237  ,5.8544383  ,-23.7500553,0.8350000,3.2650001,0.200000 },
  { 0.8570664 ,-0.5152058,-0.0004018,0.0004395 ,0.0015111 ,-0.9999987,0.5152057 ,0.8570652 ,0.0015216 ,3.7499523  ,5.8484893  ,-17.0592232,0.8350000,3.2650001,0.200000 },
  { 0.8581471 ,-0.5134010,0.0017051 ,0.0020111 ,0.0000402 ,-0.9999980,0.5133998 ,0.8581489 ,0.0010670 ,3.7303758  ,5.8497901  ,-10.3476782,0.8350000,3.2650001,0.200000 },
  { 0.8587107 ,-0.5124593,0.0011463 ,0.0015516 ,0.0003630 ,-0.9999987,0.5124583 ,0.8587114 ,0.0011068 ,3.7303650  ,5.8376293  ,-3.6583831 ,0.8350000,3.2650001,0.200000 },
  { 0.8599159 ,-0.5104339,-0.0013617,-0.0009814,0.0010144 ,-0.9999990,0.5104347 ,0.8599164 ,0.0003714 ,3.7193332  ,5.8371263  ,3.0413058  ,0.8350000,3.2650001,0.200000 },
  { 0.8586817 ,-0.5124946,-0.0038823,-0.0027772,0.0029221 ,-0.9999919,0.5125018 ,0.8586855 ,0.0010859 ,3.6989677  ,5.8478141  ,9.7474222  ,0.8350000,3.2650001,0.200000 },
  { 0.8598689 ,-0.5104995,-0.0039498,-0.0034369,0.0019480 ,-0.9999922,0.5105032 ,0.8598758 ,-0.0000795,3.7028098  ,5.8411512  ,16.4498844 ,0.8350000,3.2650001,0.200000 },
  { 0.8608336 ,-0.5088851,0.0011641 ,0.0016242 ,0.0004601 ,-0.9999986,0.5088839 ,0.8608343 ,0.0012226 ,3.6866770  ,5.8320708  ,23.1466331 ,0.8350000,3.2650001,0.200000 },
  { -0.9483539,0.3171979 ,-0.0032025,0.0034078 ,0.0000923 ,-0.9999942,-0.3171957,-0.9483594,-0.0011685,2.2300291  ,6.1483369  ,-23.7606735,0.8350000,3.2650001,0.200000 },
  { -0.9492902,0.3143874 ,-0.0029351,0.0030784 ,-0.0000406,-0.9999952,-0.3143860,-0.9492947,-0.0009292,2.2236354  ,6.1404552  ,-17.0469894,0.8350000,3.2650001,0.200000 },
  { -0.9491516,0.3147868 ,-0.0045198,0.0045865 ,-0.0005290,-0.9999893,-0.3147858,-0.9491622,-0.0009416,2.2009320  ,6.1418600  ,-10.3540955,0.8350000,3.2650001,0.200000 },
  { -0.9492154,0.3146039 ,-0.0038156,0.0039045 ,-0.0003476,-0.9999923,-0.3146028,-0.9492230,-0.0008984,2.2055762  ,6.1337843  ,-3.6546049 ,0.8350000,3.2650001,0.200000 },
  { -0.9498692,0.3126096 ,-0.0048612,0.0047872 ,-0.0010041,-0.9999880,-0.3126108,-0.9498811,-0.0005428,2.1913102  ,6.1308775  ,3.0440590  ,0.8350000,3.2650001,0.200000 },
  { -0.9499937,0.3122456 ,-0.0038331,0.0037929 ,-0.0007360,-0.9999925,-0.3122461,-0.9500011,-0.0004851,2.1819031  ,6.1295462  ,9.7484484  ,0.8350000,3.2650001,0.200000 },
  { -0.9505442,0.3105577 ,-0.0044183,0.0043709 ,-0.0008485,-0.9999901,-0.3105584,-0.9505541,-0.0005508,2.1803503  ,6.1260014  ,16.4454670 ,0.8350000,3.2650001,0.200000 },
  { -0.9502337,0.3115335 ,-0.0016713,0.0019167 ,0.0004814 ,-0.9999980,-0.3115321,-0.9502350,-0.0010546,2.1633532  ,6.1280718  ,23.1502399 ,0.8350000,3.2650001,0.200000 },
  { 0.9954650 ,-0.0950987,0.0023643 ,0.0025462 ,0.0017919 ,-0.9999952,0.0950940 ,0.9954662 ,0.0020259 ,0.8484918  ,7.0975914  ,-23.7494049,0.8350000,3.2650001,0.200000 },
  { 0.9961605 ,-0.0875334,-0.0014843,-0.0013507,0.0015855 ,-0.9999979,0.0875355 ,0.9961603 ,0.0014612 ,0.8446755  ,7.0855751  ,-17.0427876,0.8350000,3.2650001,0.200000 },
  { 0.9966062 ,-0.0822808,0.0024279 ,0.0025249 ,0.0010752 ,-0.9999962,0.0822779 ,0.9966086 ,0.0012793 ,0.8283868  ,7.0757966  ,-10.3475761,0.8350000,3.2650001,0.200000 },
  { 0.9969136 ,-0.0784619,0.0026546 ,0.0027444 ,0.0010372 ,-0.9999957,0.0784588 ,0.9969166 ,0.0012493 ,0.8231582  ,7.0705166  ,-3.6372690 ,0.8350000,3.2650001,0.200000 },
  { 0.9969495 ,-0.0779926,0.0029855 ,0.0030131 ,0.0002363 ,-0.9999954,0.0779916 ,0.9969539 ,0.0004705 ,0.8155733  ,7.0652966  ,3.0512776  ,0.8350000,3.2650001,0.200000 },
  { 0.9968691 ,-0.0790644,-0.0009051,-0.0008824,0.0003213 ,-0.9999996,0.0790647 ,0.9968694 ,0.0002505 ,0.8081002  ,7.0630293  ,9.7540236  ,0.8350000,3.2650001,0.200000 },
  { 0.9962352 ,-0.0866633,0.0022044 ,0.0021583 ,-0.0006260,-0.9999975,0.0866645 ,0.9962375 ,-0.0004366,0.8007031  ,7.0678549  ,16.4601479 ,0.8350000,3.2650001,0.200000 },
  { 0.9956537 ,-0.0930873,-0.0029225,-0.0028697,0.0007011 ,-0.9999956,0.0930890 ,0.9956577 ,0.0004309 ,0.7883702  ,7.0704355  ,23.1602459 ,0.8350000,3.2650001,0.200000 },
  { -0.9919387,-0.1267163,-0.0008242,0.0007255 ,0.0008247 ,-0.9999994,0.1267169 ,-0.9919387,-0.0007262,-0.7334670 ,6.3854389  ,-23.7876568,0.8350000,3.2650001,0.200000 },
  { -0.9923597,-0.1233128,-0.0040278,0.0040453 ,0.0001081 ,-0.9999918,0.1233123 ,-0.9923679,0.0003915 ,-0.7323128 ,6.3871980  ,-17.0893764,0.8350000,3.2650001,0.200000 },
  { -0.9923046,-0.1238182,0.0007457 ,-0.0007229,-0.0002287,-0.9999997,0.1238183 ,-0.9923049,0.0001374 ,-0.7221088 ,6.3892131  ,-10.3840189,0.8350000,3.2650001,0.200000 },
  { -0.9921569,-0.1249703,-0.0026860,0.0027272 ,-0.0001589,-0.9999962,0.1249694 ,-0.9921605,0.0004985 ,-0.7396985 ,6.3896241  ,-3.6863146 ,0.8350000,3.2650001,0.200000 },
  { -0.9926574,-0.1209349,-0.0024818,0.0024893 ,0.0000885 ,-0.9999969,0.1209347 ,-0.9926605,0.0002132 ,-0.7368636 ,6.3900876  ,3.0083680  ,0.8350000,3.2650001,0.200000 },
  { -0.9923144,-0.1237419,0.0001622 ,-0.0000808,-0.0006623,-0.9999998,0.1237420 ,-0.9923142,0.0006472 ,-0.7320072 ,6.3976536  ,9.7109804  ,0.8350000,3.2650001,0.200000 },
  { -0.9924821,-0.1223891,-0.0003564,0.0003867 ,-0.0002235,-0.9999999,0.1223890 ,-0.9924822,0.0002692 ,-0.7355135 ,6.3991580  ,16.4171753 ,0.8350000,3.2650001,0.200000 },
  { -0.9924200,-0.1228826,-0.0015851,0.0017030 ,-0.0008542,-0.9999982,0.1228810 ,-0.9924209,0.0010570 ,-0.7505515 ,6.4000878  ,23.1135254 ,0.8350000,3.2650001,0.200000 },
  { 0.9386985 ,0.3447379 ,-0.0009525,-0.0005722,-0.0012050,-0.9999991,-0.3447387,0.9386982 ,-0.0009338,-2.2883956 ,6.3922696  ,-23.7994633,0.8350000,3.2650001,0.200000 },
  { 0.9399292 ,0.3413500 ,-0.0036261,-0.0031093,-0.0020609,-0.9999930,-0.3413551,0.9399340 ,-0.0008757,-2.2830656 ,6.4013977  ,-17.0905552,0.8350000,3.2650001,0.200000 },
  { 0.9396243 ,0.3421757 ,0.0046789 ,0.0045295 ,0.0012357 ,-0.9999890,-0.3421777,0.9396352 ,-0.0003888,-2.2897787 ,6.4056306  ,-10.3884516,0.8350000,3.2650001,0.200000 },
  { 0.9401512 ,0.3407575 ,-0.0003701,0.0000699 ,-0.0012789,-0.9999992,-0.3407577,0.9401504 ,-0.0012262,-2.2911675 ,6.4057975  ,-3.6869688 ,0.8350000,3.2650001,0.200000 },
  { 0.9400461 ,0.3410466 ,-0.0007966,-0.0004153,-0.0011909,-0.9999992,-0.3410473,0.9400457 ,-0.0009779,-2.2976627 ,6.4099331  ,3.0173922  ,0.8350000,3.2650001,0.200000 },
  { 0.9400124 ,0.3411400 ,-0.0004126,-0.0004172,-0.0000601,-0.9999999,-0.3411400,0.9400125 ,0.0000858 ,-2.3034387 ,6.4109912  ,9.7242165  ,0.8350000,3.2650001,0.200000 },
  { 0.9401099 ,0.3408661 ,-0.0019009,-0.0017637,-0.0007124,-0.9999982,-0.3408668,0.9401116 ,-0.0000685,-2.3039789 ,6.4134479  ,16.4240112 ,0.8350000,3.2650001,0.200000 },
  { 0.9398103 ,0.3416911 ,0.0019403 ,0.0020228 ,0.0001151 ,-0.9999980,-0.3416907,0.9398123 ,-0.0005830,-2.3091545 ,6.4125805  ,23.1252079 ,0.8350000,3.2650001,0.200000 },
  { -0.8395640,-0.5432531,-0.0028901,0.0027792 ,0.0010247 ,-0.9999956,0.5432537 ,-0.8395684,0.0006495 ,-3.4765649 ,5.3798671  ,-23.7999859,0.8350000,3.2650001,0.200000 },
  { -0.8378383,-0.5459185,0.0000743 ,0.0002328 ,-0.0004934,-0.9999999,0.5459185 ,-0.8378382,0.0005404 ,-3.4781752 ,5.3848605  ,-17.1020889,0.8350000,3.2650001,0.200000 },
  { -0.8388742,-0.5443228,-0.0016786,0.0017185 ,0.0004354 ,-0.9999985,0.5443226 ,-0.8388758,0.0005701 ,-3.4843180 ,5.3858800  ,-10.3948832,0.8350000,3.2650001,0.200000 },
  { -0.8398386,-0.5428200,-0.0041854,0.0036672 ,0.0020365 ,-0.9999912,0.5428237 ,-0.8398466,0.0002803 ,-3.4842560 ,5.3896503  ,-3.6972976 ,0.8350000,3.2650001,0.200000 },
  { -0.8390912,-0.5439900,0.0009774 ,-0.0004417,-0.0011154,-0.9999993,0.5439907 ,-0.8390910,0.0006956 ,-3.4908957 ,5.3905616  ,3.0102642  ,0.8350000,3.2650001,0.200000 },
  { -0.8386420,-0.5446826,0.0006974 ,-0.0001696,-0.0010193,-0.9999995,0.5446830 ,-0.8386416,0.0007624 ,-3.4918168 ,5.3926363  ,9.7019777  ,0.8350000,3.2650001,0.200000 },
  { -0.8382797,-0.5452380,-0.0016558,0.0016668 ,0.0004743 ,-0.9999985,0.5452380 ,-0.8382812,0.0005111 ,-3.4990304 ,5.3941813  ,16.4047432 ,0.8350000,3.2650001,0.200000 },
  { -0.8398505,-0.5428171,-0.0007977,0.0007342 ,0.0003336 ,-0.9999997,0.5428172 ,-0.8398508,0.0001183 ,-3.5023348 ,5.3951788  ,23.1015472 ,0.8350000,3.2650001,0.200000 },
  { 0.6976568 ,0.7164267 ,-0.0027892,-0.0010858,-0.0028358,-0.9999954,-0.7164314,0.6976566 ,-0.0012005,-4.8898129 ,4.7071671  ,-23.7971764,0.8350000,3.2650001,0.200000 },
  { 0.6968452 ,0.7172215 ,0.0003140 ,0.0010535 ,-0.0005857,-0.9999993,-0.7172208,0.6968450 ,-0.0011637,-4.8936882 ,4.7126374  ,-17.0923996,0.8350000,3.2650001,0.200000 },
  { 0.6975141 ,0.7165709 ,0.0006287 ,0.0009513 ,-0.0000487,-0.9999995,-0.7165705,0.6975143 ,-0.0007157,-4.8997750 ,4.7154498  ,-10.4007101,0.8350000,3.2650001,0.200000 },
  { 0.6981242 ,0.7159684 ,-0.0034561,-0.0019227,-0.0029523,-0.9999938,-0.7159741,0.6981265 ,-0.0006844,-4.8944125 ,4.7272825  ,-3.6905246 ,0.8350000,3.2650001,0.200000 },
  { 0.6982926 ,0.7158112 ,0.0013483 ,0.0013989 ,0.0005190 ,-0.9999989,-0.7158111,0.6982937 ,-0.0006389,-4.8962975 ,4.7321215  ,3.0030930  ,0.8350000,3.2650001,0.200000 },
  { 0.6983246 ,0.7157813 ,0.0002399 ,0.0002151 ,0.0001253 ,-0.9999999,-0.7157813,0.6983246 ,-0.0000664,-4.9027863 ,4.7289820  ,9.7006769  ,0.8350000,3.2650001,0.200000 },
  { 0.6980376 ,0.7160605 ,0.0009439 ,0.0007541 ,0.0005830 ,-0.9999995,-0.7160608,0.6980380 ,-0.0001330,-4.9047713 ,4.7276111  ,16.3982124 ,0.8350000,3.2650001,0.200000 },
  { 0.6980931 ,0.7160069 ,-0.0002165,-0.0003277,0.0000171 ,-0.9999999,-0.7160069,0.6980931 ,0.0002466 ,-4.9069519 ,4.7265253  ,23.1069374 ,0.8350000,3.2650001,0.200000 },
  { -0.5182323,-0.8552382,0.0016900 ,-0.0002329,-0.0018349,-0.9999983,0.8552399 ,-0.5182318,0.0007517 ,-5.5119333 ,3.2813966  ,-23.7948513,0.8350000,3.2650001,0.200000 },
  { -0.5182152,-0.8552502,0.0000983 ,0.0004684 ,-0.0003988,-0.9999998,0.8552501 ,-0.5182151,0.0006072 ,-5.5184574 ,3.2846808  ,-17.0862122,0.8350000,3.2650001,0.200000 },
  { -0.5207056,-0.8537351,0.0014148 ,-0.0000701,-0.0016145,-0.9999987,0.8537363 ,-0.5207050,0.0007808 ,-5.5150886 ,3.2984836  ,-10.3869572,0.8350000,3.2650001,0.200000 },
  { -0.5215840,-0.8531899,-0.0041192,0.0019265 ,0.0036503 ,-0.9999915,0.8531978 ,-0.5215876,-0.0002603,-5.5204492 ,3.2982161  ,-3.6890426 ,0.8350000,3.2650001,0.200000 },
  { -0.5186487,-0.8549851,0.0019665 ,-0.0004742,-0.0020124,-0.9999979,0.8549873 ,-0.5186486,0.0006383 ,-5.5253468 ,3.2943707  ,3.0103402  ,0.8350000,3.2650001,0.200000 },
  { -0.5204858,-0.8538689,-0.0015415,0.0010491 ,0.0011658 ,-0.9999987,0.8538697 ,-0.5204868,0.0002891 ,-5.5265636 ,3.3004189  ,9.7186232  ,0.8350000,3.2650001,0.200000 },
  { -0.5184641,-0.8550938,-0.0030901,0.0022889 ,0.0022259 ,-0.9999949,0.8550963 ,-0.5184686,0.0008032 ,-5.5292468 ,3.3035631  ,16.4089260 ,0.8350000,3.2650001,0.200000 },
  { -0.5193965,-0.8545333,-0.0004146,0.0006430 ,0.0000943 ,-0.9999998,0.8545331 ,-0.5193967,0.0005005 ,-5.5343051 ,3.2992103  ,23.1122093 ,0.8350000,3.2650001,0.200000 },
  { 0.3154398 ,0.9489455 ,0.0004003 ,0.0016372 ,-0.0001224,-0.9999986,-0.9489442,0.3154400 ,-0.0015922,-6.4907632 ,2.0608044  ,-23.7841187,0.8350000,3.2650001,0.200000 },
  { 0.3147134 ,0.9491864 ,-0.0007534,0.0006752 ,-0.0010176,-0.9999992,-0.9491865,0.3147126 ,-0.0009612,-6.4953766 ,2.0731080  ,-17.0901337,0.8350000,3.2650001,0.200000 },
  { 0.3149898 ,0.9490947 ,-0.0008571,0.0006123 ,-0.0011063,-0.9999992,-0.9490948,0.3149890 ,-0.0009296,-6.5041714 ,2.0707440  ,-10.3846760,0.8350000,3.2650001,0.200000 },
  { 0.3152158 ,0.9490191 ,-0.0013239,0.0000287 ,-0.0014046,-0.9999990,-0.9490200,0.3152155 ,-0.0004700,-6.5088754 ,2.0725100  ,-3.6890798 ,0.8350000,3.2650001,0.200000 },
  { 0.3209156 ,0.9471078 ,0.0002389 ,0.0005900 ,0.0000524 ,-0.9999998,-0.9471076,0.3209157 ,-0.0005420,-6.5107040 ,2.0715110  ,3.0148683  ,0.8350000,3.2650001,0.200000 },
  { 0.3209156 ,0.9471078 ,0.0002389 ,0.0005900 ,0.0000524 ,-0.9999998,-0.9471076,0.3209157 ,-0.0005420,-6.5146580 ,2.0711596  ,9.7148685  ,0.8350000,3.2650001,0.200000 },
  { 0.3209156 ,0.9471078 ,0.0002389 ,0.0005900 ,0.0000524 ,-0.9999998,-0.9471076,0.3209157 ,-0.0005420,-6.5186090 ,2.0708082  ,16.4148712 ,0.8350000,3.2650001,0.200000 },
  { 0.3209156 ,0.9471078 ,0.0002389 ,0.0005900 ,0.0000524 ,-0.9999998,-0.9471076,0.3209157 ,-0.0005420,-6.5225630 ,2.0704577  ,23.1148643 ,0.8350000,3.2650001,0.200000 },
  { -0.0963347,-0.9953490,-0.0001533,0.0011546 ,0.0000422 ,-0.9999993,0.9953483 ,-0.0963348,0.0011452 ,-6.4354854 ,0.5115768  ,-23.7946911,0.8350000,3.2650001,0.200000 },
  { -0.0947639,-0.9954990,-0.0012664,-0.0000603,0.0012778 ,-0.9999992,0.9954998 ,-0.0947637,-0.0001811,-6.4408069 ,0.4983711  ,-17.0823174,0.8350000,3.2650001,0.200000 },
  { -0.0971958,-0.9952649,0.0008694 ,-0.0000362,-0.0008700,-0.9999996,0.9952653 ,-0.0971958,0.0000485 ,-6.4418559 ,0.4977455  ,-10.3887949,0.8350000,3.2650001,0.200000 },
  { -0.0965902,-0.9953243,-0.0000959,0.0001049 ,0.0000862 ,-1.0000000,0.9953243 ,-0.0965902,0.0000961 ,-6.4456277 ,0.5054162  ,-3.6790118 ,0.8350000,3.2650001,0.200000 },
  { -0.0937370,-0.9955970,-0.0001485,0.0006921 ,0.0000840 ,-0.9999998,0.9955968 ,-0.0937371,0.0006812 ,-6.4501200 ,0.5016053  ,3.0122349  ,0.8350000,3.2650001,0.200000 },
  { -0.0937370,-0.9955970,-0.0001485,0.0006921 ,0.0000840 ,-0.9999998,0.9955968 ,-0.0937371,0.0006812 ,-6.4547567 ,0.5010426  ,9.7122335  ,0.8350000,3.2650001,0.200000 },
  { -0.0937370,-0.9955970,-0.0001485,0.0006921 ,0.0000840 ,-0.9999998,0.9955968 ,-0.0937371,0.0006812 ,-6.4593940 ,0.5004800  ,16.4122353 ,0.8350000,3.2650001,0.200000 },
  { -0.0937370,-0.9955970,-0.0001485,0.0006921 ,0.0000840 ,-0.9999998,0.9955968 ,-0.0937371,0.0006812 ,-6.4640317 ,0.4999174  ,23.1122322 ,0.8350000,3.2650001,0.200000 },
  { -0.1293993,0.9915924 ,0.0005521 ,0.0005518 ,0.0006288 ,-0.9999996,-0.9915924,-0.1293990,-0.0006285,-6.7864442 ,-1.0186146 ,-23.7865295,0.8350000,3.2650001,0.200000 },
